 A=
        5.0000        4.0000        7.0000        5.0000        6.0000        7.0000        5.0000  
        4.0000       12.0000        8.0000        7.0000        8.0000        8.0000        6.0000  
        7.0000        8.0000       10.0000        9.0000        8.0000        7.0000        7.0000  
        5.0000        7.0000        9.0000       11.0000        9.0000        7.0000        5.0000  
        6.0000        8.0000        8.0000        9.0000       10.0000        8.0000        9.0000  
        7.0000        8.0000        7.0000        7.0000        8.0000       10.0000       10.0000  
        5.0000        6.0000        7.0000        5.0000        9.0000       10.0000       10.0000  
 b=
       39.0000  
       53.0000  
       56.0000  
       53.0000  
       58.0000  
       57.0000  
       52.0000  
